12.6 12.6 12.6 13 13
13 13 13 13 13
13 13 13 13 13
13.6 14.4 14.7 14.7 14.7
14.7 14.7 14.7 14.7 14.7
14.7 14.7 14.7 14.7 14.7
14.7 14.7 14.7 14.7 14.7
14.7 14.7 14.7 14.7 14.7
14.7 14.7 14.7 14.7 14.7
14.7 14.7 14.7 14.7 14.7
14.7 14.8 14.8 14.8 14.9
14.9 14.9 14.9 15.1 15.2
15.2 15.2 15.2 15.2 15.2
15.2 15.2 15.2 15.2 15.2
15.2 15.2 15.3 15.3 15.3
15.5 15.6 15.6 15.9 15.9
16 16 16 16 16
16.1 16.1 16.1 16.1 16.1
16.4 16.4 16.4 16.4 16.4
16.4 16.6 16.6 16.6 16.6
16.6 16.6 16.6 16.6 16.6
16.6 16.6 16.6 16.6 16.6
16.6 16.6 16.8 16.8 16.8
16.8 16.9 16.9 16.9 16.9
16.9 17 17 17 17
17.3 17.4 17.4 17.4 17.4
17.4 17.4 17.4 17.4 17.4
17.4 17.4 17.4 17.4 17.4
17.4 17.4 17.4 17.4 17.6
17.6 17.6 17.6 17.6 17.6
17.6 17.8 17.8 17.8 17.8
17.8 17.8 17.8 17.8 17.8
17.8 17.8 17.8 17.8 17.8
17.8 17.8 17.8 17.8 17.8
17.8 17.8 17.8 17.8 17.9
17.9 17.9 17.9 17.9 17.9
17.9 17.9 17.9 17.9 17.9
18 18 18 18 18
18.2 18.2 18.2 18.2 18.3
18.3 18.3 18.3 18.4 18.4
18.4 18.4 18.4 18.4 18.4
18.4 18.4 18.4 18.4 18.4
18.4 18.4 18.4 18.4 18.5
18.5 18.5 18.5 18.6 18.6
18.6 18.6 18.6 18.6 18.6
18.6 18.6 18.6 18.6 18.6
18.6 18.6 18.6 18.6 18.6
18.7 18.7 18.7 18.7 18.7
18.7 18.7 18.7 18.7 18.8
18.8 18.9 18.9 18.9 19
19 19 19 19.1 19.1
19.1 19.1 19.1 19.1 19.1
19.1 19.1 19.1 19.1 19.1
19.1 19.1 19.1 19.1 19.1
19.2 19.2 19.2 19.2 19.2
19.2 19.2 19.2 19.2 19.2
19.2 19.2 19.2 19.2 19.2
19.2 19.2 19.2 19.2 19.6
19.6 19.6 19.6 19.6 19.6
19.6 19.6 19.7 19.7 19.7
19.7 19.7 19.7 19.7 19.7
20.1 20.1 20.1 20.1 20.1
20.2 20.2 20.2 20.2 20.2
20.2 20.2 20.2 20.2 20.2
20.2 20.2 20.2 20.2 20.2
20.2 20.2 20.2 20.2 20.2
20.2 20.2 20.2 20.2 20.2
20.2 20.2 20.2 20.2 20.2
20.2 20.2 20.2 20.2 20.2
20.2 20.2 20.2 20.2 20.2
20.2 20.2 20.2 20.2 20.2
20.2 20.2 20.2 20.2 20.2
20.2 20.2 20.2 20.2 20.2
20.2 20.2 20.2 20.2 20.2
20.2 20.2 20.2 20.2 20.2
20.2 20.2 20.2 20.2 20.2
20.2 20.2 20.2 20.2 20.2
20.2 20.2 20.2 20.2 20.2
20.2 20.2 20.2 20.2 20.2
20.2 20.2 20.2 20.2 20.2
20.2 20.2 20.2 20.2 20.2
20.2 20.2 20.2 20.2 20.2
20.2 20.2 20.2 20.2 20.2
20.2 20.2 20.2 20.2 20.2
20.2 20.2 20.2 20.2 20.2
20.2 20.2 20.2 20.2 20.2
20.2 20.2 20.2 20.2 20.2
20.2 20.2 20.2 20.2 20.2
20.2 20.2 20.2 20.2 20.2
20.2 20.2 20.2 20.2 20.2
20.9 20.9 20.9 20.9 20.9
20.9 20.9 20.9 20.9 20.9
20.9 21 21 21 21
21 21 21 21 21
21 21 21 21 21
21 21 21 21 21
21 21 21 21 21
21 21 21 21.1 21.2
21.2 21.2 21.2 21.2 21.2
21.2 21.2 21.2 21.2 21.2
21.2 21.2 21.2 21.2 22
22
