529.91 531.12 531.67 531.73 531.88
531.92 531.93 532.23 532.25 532.28
532.32 532.82 532.86 532.9 533.07
533.09 533.1 533.14 533.17 533.17
533.18 533.19 533.25 533.28 533.3
533.32 533.35 533.35 533.35 533.35
533.37 533.38 533.41 533.45 533.46
533.47 533.47 533.48 533.48 533.51
533.51 533.52 533.53 533.54 533.59
533.59 533.59 533.6 533.65 533.67
533.69 533.71 533.75 533.75 533.75
533.75 533.76 533.77 533.78 533.79
533.79 533.8 533.86 533.88 533.91
533.91 533.92 533.93 533.94 533.94
533.96 533.97 533.97 533.97 534
534.01 534.01 534.07 534.08 534.09
534.11 534.12 534.12 534.12 534.12
534.13 534.14 534.15 534.15 534.16
534.16 534.17 534.19 534.2 534.21
534.22 534.24 534.27 534.3 534.31
534.34 534.39 534.41 534.42 534.43
534.43 534.46 534.48 534.5 534.52
534.52 534.52 534.53 534.54 534.55
534.56 534.59 534.59 534.6 534.61
534.61 534.64 534.66 534.67 534.71
534.74 534.75 534.78 534.78 534.78
534.78 534.81 534.84 534.85 534.85
534.85 534.86 534.88 534.95 534.97
534.98 535 535.06 535.08 535.11
535.22 535.23 535.28 535.38 535.38
535.41 535.42 535.44 535.49 535.51
535.51 535.53 535.57 535.62 535.63
535.66 535.72 535.78 535.8 535.86
535.93 535.98 535.98 536 536.1
536.1 536.11 536.16 536.33 536.38
536.47 536.49 536.6 536.7 536.79
536.8 536.83 536.89 536.89 536.89
536.94 536.97 537 537.04 537.05
537.06 537.07 537.15 537.16 537.17
537.21 537.22 537.26 537.27 537.27
537.27 537.29 537.3 537.3 537.32
537.33 537.49 537.55 537.71 537.72
538.19 538.26 539.49 539.5 539.74
539.84 539.87 539.95 540.08 540.52
540.83 540.92 541.53 541.63 541.65
541.83 541.85 541.88 542.21 542.73
543.3 543.49 543.71 543.71 543.72
543.77 543.78 543.96 544.05 544.69
546.59 547.07 547.39 551.74 555.7
557.36 561.31 565.84 571.7 577.06
584.16 584.19 585.08 586.68 592.98
596.32 601.44 601.86 602.56 602.99
603.38 603.41 603.44 603.54 603.62
603.68 603.72 603.72 603.73 603.73
603.77 603.78 603.82 603.88 603.93
604.36 604.55 604.65 604.72 605.47
605.73 606.21 606.77 607.2 610.98
622.06 622.94 637.19 638.03 638.29
650.55 670.21 671.74 671.81 677.8
678 678.17 678.37 678.39 678.45
678.57 678.62 679.03 679.09 679.22
679.33 679.52 679.68 679.77 679.8
679.83 679.93 679.93 680.03 680.14
681.14 681.72 682.01 683.34 683.5
683.85 684.34 684.79 684.98 684.98
685.58 687.58 688.19 688.61 688.91
690.08 692.07 696.72 697.34 697.81
698.1 698.17 698.22 698.23 698.53
699.04 699.19 699.31 699.63 705.73
705.76 705.94 706.23 706.27 706.32
706.34 706.4 706.41 706.43 706.45
706.46 706.49 706.55 706.55 706.64
706.64 706.66 706.7 706.73 706.75
706.81 706.82 706.9 707 707.11
707.12 707.12 707.13 707.13 707.16
707.18 707.19 707.2 707.26 707.27
707.28 707.28 707.3 707.33 707.33
707.35 707.35 707.36 707.36 707.38
707.39 707.4 707.41 707.44 707.45
707.45 707.45 707.46 707.48 707.51
707.52 707.52 707.55 707.56 707.6
707.61 707.63 707.65 707.66 707.67
707.68 707.68 707.7 707.77 707.79
707.85 707.9 707.91 707.92 707.97
708 708 708.01 708.06 708.06
708.09 708.1 708.21 708.24 708.24
708.29 708.29 708.32 708.32 708.34
708.39 708.4 708.4 708.41 708.44
708.54 708.55 708.56 708.67 708.67
708.67 708.69 708.7 708.71 708.71
708.77 708.8 708.82 708.87 708.96
708.97 708.97 709.01 709.05 709.05
709.05 709.13 709.13 709.14 709.16
709.18 709.18 709.2 709.26 709.28
709.31 709.32 709.43 709.45 709.49
709.51 709.57 709.58 709.59 709.6
709.65 709.66 709.7 709.81 709.85
709.87 709.92 709.93 709.95 709.99
710.01 710.02 710.05 710.1 710.25
710.27 710.56 710.64 710.69 710.87
711.09 711.12 711.17 711.23 711.44
711.53 711.56 711.56 711.61 711.81
711.83 711.87 711.9 712.07 712.25
712.3 712.34 712.53 712.59 712.66
712.87 712.98 713 713.15 713.18
713.27 713.28 713.31 713.38 713.46
713.8 714.22 714.28 714.29 714.3
714.44 714.48 714.48 714.48 714.48
714.5 714.5 714.51 714.52 714.53
714.55 714.56 714.58 714.59 714.62
714.64 714.64 714.65 714.67 714.68
714.68 714.7 714.72 714.72 714.73
714.73 714.74 714.75 714.8 714.8
714.8 714.82 714.82 714.88 714.88
714.91 714.92 714.93 714.93 714.95
714.98 714.99 715 715.01 715.04
715.08 715.08 715.09 715.16 715.16
715.16 715.17 715.17 715.18 715.19
715.19 715.2 715.2 715.21 715.22
715.23 715.24 715.26 715.29 715.33
715.33 715.35 715.35 715.43 715.43
715.43 715.45 715.47 715.47 715.48
715.49 715.51 715.51 715.54 715.55
715.57 715.6 715.64 715.66 715.66
715.67 715.72 715.78 715.78 715.82
715.85 715.86 715.87 715.91 715.93
715.95 715.95 715.98 715.99 716.11
716.14 716.15 716.16 716.19 716.2
716.2 716.21 716.3 716.3 716.37
716.39 716.4 716.41 716.44 716.44
716.53 716.58 716.58 716.6 716.61
716.63 716.64 716.65 716.69 716.72
716.74 716.76 716.77 716.78 716.78
716.79 716.81 716.82 716.83 716.85
716.86 716.87 716.9 716.92 716.92
716.93 716.94 716.97 716.99 717.04
717.09 717.11 717.12 717.16 717.18
717.18 717.2 717.2 717.25 717.25
717.27 717.27 717.28 717.28 717.29
717.32 717.35 717.37 717.38 717.41
717.42 717.45 717.47 717.47 717.48
717.49 717.49 717.57 717.57 717.6
717.6 717.61 717.62 717.63 717.66
717.66 717.69 717.74 717.75 717.76
717.79 717.8 717.83 717.9 717.99
718.01 718.02 718.02 718.07 718.09
718.09 718.09 718.21 718.26 718.27
718.28 718.4 718.42 718.47 718.48
718.59 718.59 718.68 718.7 718.74
718.79 718.86 718.86 719.07 719.07
719.09 719.15 719.2 719.2 719.24
719.24 719.26 719.27 719.4 719.49
719.63 719.89 719.96 719.97 719.99
720.02 720.08 720.24 720.27 720.31
720.41 720.48 720.64 720.65 721.1
721.11 721.17 721.29 721.4 721.42
721.54 721.95 722.03 722.06 722.23
722.34 722.47 722.68 722.75 722.76
723.05 723.06 723.08 723.11 723.11
723.14 723.19 723.25 723.38 723.45
723.46 723.56 723.68 723.75 723.8
723.8 724.05 724.16 724.25 724.3
724.61 724.73 724.9 724.97 725.08
725.39 725.43 725.86 725.96 726.23
726.42 726.68 726.81 726.86 727.34
727.36 727.57 727.8 727.83 728.25
728.33 728.5 728.76 729.02 729.28
729.6 729.75 730.29 730.87 731.08
732.05 732.89 733.36 734.8 735.02
735.15 735.23 735.24 735.74 736.05
736.09 736.2 736.25 736.6 737.04
737.19 737.49 740.17 740.49 741.29
741.45 742.07 742.71 744.61 745.22
746.8 746.81 747.65 748.3 749.42
750.92 751.95 752.88 753.55 753.73
753.95 755.82 755.91 757.43 758.14
758.95 760.07 761.63 762.34 765.13
765.55 767.66 770.36 770.75 772.08
772.72 772.77 775.09 775.21 778.31
783.49 784.15 785.32 785.96 787.37
789.96 795.15 798.44 799.55 800
801.89 802.52 805.44 815.51 816.2
817.01 828.27 837.51 838.49 848.64
849.54 866.39 882.25 890.08 891.84
900.79 921.39 960.49 964.73 967.4
969.81 973.37 976.36 995.32 1025.12
1042.18
