0.0295835505239666 0.657719435635954 0.658747388981283 0.528548848349601 0.665823379531503
0.658897499553859 0.00397120043635368 0.924559050705284 0.299640517681837 0.794328702613711
0.181423982605338 0.168824468273669 0.418509962968528 0.885554797016084 0.552913819439709
0.802371964324266 0.801580385770649 0.639675825834274 0.929347443860024 0.173146482557058
0.0161459343507886 0.236193931195885 0.879482542630285 0.940404283348471 0.26688376814127
0.698880662210286 0.306560455821455 0.0374756106175482 0.858010846190155 0.364098959602416
0.989601444453001 0.987413296941668 0.326894298195839 0.531537977047265 0.765766685828567
0.154810360632837 0.0941698672249913 0.889442872256041 0.333513102959841 0.340172156691551
0.50176809867844 0.185825631022453 0.141007589176297 0.992364476900548 0.830595219973475
0.472648514434695 0.799448513425887 0.921147652436048 0.0182393305003643 0.871627790853381
0.13162114424631 0.0201186258345842 0.154403724707663 0.476247319485992 0.828182105440646
0.930266522802413 0.0944661861285567 0.900984378997236 0.122037215158343 0.518205352593213
0.979699383955449 0.793297418858856 0.615201613865793 0.957670650910586 0.516124367248267
0.409228443168104 0.377271325327456 0.182429798413068 0.250627357512712 0.733905932866037
0.400917979888618 0.377169721294194 0.0813205013982952 0.0802910039201379 0.839746804442257
0.674058576580137 0.576433406211436 0.508317589294165 0.728791525121778 0.788737605791539
0.654304426629096 0.496160074602813 0.801566706504673 0.505557234399021 0.637746969703585
0.678241401445121 0.408641485963017 0.432172453030944 0.491681278217584 0.26374030392617
0.00631286017596722 0.825901665724814 0.558801216073334 0.246353613678366 0.393234161194414
0.626570945605636 0.310584056191146 0.144222585018724 0.487646854948252 0.653289721347392
0.46148930862546 0.66635076655075 0.952571900095791 0.201486298814416 0.316913469228894
0.749764196109027 0.799873876851052 0.624564539175481 0.52223404776305 0.253293581772596
0.10398400016129 0.743005247786641 0.598114249762148 0.994479062501341 0.134662290103734
0.0209004324860871 0.834788963664323 0.353337177541107 0.134720709174871 0.656262035947293
0.699153771158308 0.455446194391698 0.363136314321309 0.0617993422783911 0.585825671907514
0.669456842821091 0.151972830295563 0.968410730361938 0.573184361681342 0.604997528716922
0.525466185063124 0.494385670870543 0.243775736074895 0.70354334730655 0.270360072143376
0.799782896414399 0.545607531443238 0.0978777296841145 0.361514338292181 0.0947560397908092
0.529497923795134 0.832213527522981 0.165411685127765 0.238190760836005 0.90722311520949
0.624605903867632 0.928017439320683 0.938625529874116 0.768272570800036 0.24316143989563
0.230982538312674 0.284315871540457 0.260269985068589 0.13200470013544 0.987520677503198
0.775960076134652 0.135126029606909 0.690938959829509 0.767702208831906 0.55037421034649
0.750817066989839 0.164825389627367 0.682547345291823 0.0153654869645834 0.516904711723328
0.656371064949781 0.64496798068285 0.880345830693841 0.627714283298701 0.269966261927038
0.795394017826766 0.174696712289006 0.822891341522336 0.319939487148076 0.420904020313174
0.896636590361595 0.0854499014094472 0.940651315730065 0.664398060645908 0.558520860038698
0.217023576144129 0.562725575640798 0.883374416735023 0.251358932349831 0.713239376898855
0.734664371237159 0.468535272404552 0.42946120724082 0.35276822000742 0.741822260431945
0.659121959935874 0.961166245862842 0.29810543358326 0.528047197964042 0.615968485362828
0.78997704340145 0.992827352136374 0.426035135984421 0.347369394265115 0.776413410436362
0.563767744228244 0.915807456709445 0.450499482918531 0.744885966647416 0.145860147662461
0.164367953781039 0.383435097057372 0.373610194306821 0.0456247366964817 0.751196262892336
0.673145906068385 0.586477616801858 0.071101201698184 0.586145367473364 0.965074588079005
0.385728669818491 0.519476120360196 0.296403167769313 0.254999158903956 0.67437567235902
0.614328186493367 0.959964234381914 0.183115243911743 0.846047958824784 0.998424809891731
0.672316420357674 0.573364318814129 0.742875343654305 0.875123691745102 0.0445020161569118
0.135837754234672 0.899794883094728 0.647792738396674 0.481410371139646 0.922710872720927
0.693238823208958 0.449109519366175 0.999876643531024 0.226118159946054 0.889876380097121
0.224283819552511 0.939721717499197 0.0638155597262084 0.430165517609566 0.132004532497376
0.640158402733505 0.181513284798712 0.240939355921 0.285452959127724 0.757706035394222
0.0461153807118535 0.355441886000335 0.811387216672301 0.32325378479436 0.282326592132449
0.75735881831497 0.481019202619791 0.362614475190639 0.150476462673396 0.296136786229908
0.942913895007223 0.928412897046655 0.246532522141933 0.137476666364819 0.367497447878122
0.445823901332915 0.711602183058858 0.028062108438462 0.937923947814852 0.0681063001975417
0.627450119704008 0.981390436645597 0.618432862218469 0.126051475293934 0.269024456385523
0.411052118986845 0.965039936359972 0.0900003802962601 0.0132933305576444 0.51896122423932
0.641514193732291 0.813634684775025 0.830001492984593 0.207243547774851 0.297438821289688
0.472321454435587 0.408901270478964 0.167324594222009 0.608382603619248 0.0278664785437286
0.486533488612622 0.174630738329142 0.176411467138678 0.210693689063191 0.352328227367252
0.693657941650599 0.948369928169996 0.0840890142135322 0.641774123068899 0.196059769485146
0.33560933964327 0.955266605596989 0.44814093131572 0.420380858238786 0.488398385699838
0.0785493231378496 0.309723936021328 0.203528120648116 0.940365509130061 0.619275216013193
0.419699976220727 0.19685391895473 0.284691799432039 0.65544643253088 0.824058733414859
0.855277736205608 0.573950889520347 0.0113136083818972 0.391654940787703 0.0663986783474684
0.514304798096418 0.0270654782652855 0.749982579611242 0.205230615567416 0.389675950631499
0.858698309399188 0.328881390858442 0.499840380158275 0.757963278796524 0.220060856547207
0.321861964184791 0.568844885565341 0.737221403978765 0.715012537781149 0.243998853955418
0.830511431209743 0.0306823891587555 0.825881406199187 0.442083978094161 0.788850449491292
0.327231121715158 0.408700734376907 0.0241961535066366 0.0560930916108191 0.646994868759066
0.760690085124224 0.872287324629724 0.0834661051630974 0.615630702115595 0.383610385935754
0.621011828072369 0.432342414278537 0.145751476287842 0.742662447039038 0.469237306620926
0.875163501594216 0.739868973847479 0.389549641404301 0.167063226457685 0.130428712349385
0.983772095292807 0.374727454967797 0.527526566758752 0.0307388957589865 0.140176672488451
0.354095154907554 0.876198418438435 0.779867464676499 0.625407121144235 0.0636427267454565
0.0110903256572783 0.927399435080588 0.488856703042984 0.116055525373667 0.275171806570143
0.531998503021896 0.268815753981471 0.498636943753809 0.117376099340618 0.316847400739789
0.16207892075181 0.164413494523615 0.85796839883551 0.544192441273481 0.836503830738366
0.194472472649068 0.312782839871943 0.702718283981085 0.764291397761554 0.627713811118156
0.917850776575506 0.343791322782636 0.0918577909469604 0.610534747131169 0.794237575028092
0.941947099752724 0.96708366740495 0.567151017021388 0.575111926067621 0.697949327062815
0.456875421572477 0.466635065618902 0.848520219326019 0.26088011264801 0.338336340151727
0.306324558332562 0.578357804566622 0.719603598117828 0.157180356793106 0.45163957355544
0.364389746449888 0.882664386648685 0.99026102758944 0.842862369958311 0.951097066514194
0.571121912449598 0.535041806753725 0.216167462058365 0.749136666301638 0.54587884619832
0.605099481064826 0.359989443328232 0.423892229795456 0.0273867342621088 0.829115553759038
0.868095979094505 0.0287294201552868 0.743368016555905 0.2395268403925 0.530196509789675
0.552084392867982 0.542699553538114 0.117337245028466 0.176384971477091 0.800887871533632
0.664720284286886 0.632183618843555 0.455557074863464 0.529220507014543 0.928877022117376
0.539370244368911 0.542397710029036 0.669689191505313 0.254173942375928 0.337640325538814
0.990813264623284 0.68274419894442 0.457257970236242 0.490199970081449 0.110958204139024
0.946292000357062 0.748013205826283 0.983581219799817 0.977459329646081 0.285107137169689
0.327774039003998 0.386618908494711 0.671746492385864 0.407943784724921 0.031844150274992
0.548306175507605 0.682180172298104 0.419050432741642 0.727590625174344 0.574094842653722
0.190515217371285 0.608306852634996 0.986247919499874 0.788648257963359 0.138610180001706
0.940425677224994 0.555103243794292 0.579727634321898 0.0371524919755757 0.196957184933126
0.368019214831293 0.433213967829943 0.592368074692786 0.184135744348168 0.073308321647346
0.845811769366264 0.644866515882313 0.230024761054665 0.227241603191942 0.288702046498656
0.697791109327227 0.167953467927873 0.325396884698421 0.0898047261871397 0.10391061892733
0.688972285017371 0.788761812262237 0.344630059786141 0.376352675724775 0.464925978332758
0.914526398293674 0.710727929603308 0.275178628973663 0.419855312909931 0.325192576739937
0.547079560812563 0.267611979972571 0.757363089825958 0.537886703852564 0.386114690452814
0.204771917313337 0.958322189282626 0.635914892889559 0.0218408294022083 0.56504282169044
0.887196026276797 0.4015630511567 0.889667730778456 0.626393650192767 0.0031425622291863
0.27668783441186 0.563895727973431 0.531183426268399 0.621015881653875 0.728895471431315
0.707137173973024 0.433885614853352 0.118693570606411 0.685759533662349 0.837813138030469
0.964356219861656 0.624471872113645 0.74269848363474 0.464979301672429 0.479592145420611
0.678958039730787 0.278823407366872 0.0703292661346495 0.51170096360147 0.541395784821361
0.585520657710731 0.714497396722436 0.268752259202302 0.261392173357308 0.359232733026147
0.597872394602746 0.991208533756435 0.23173064365983 0.209924213588238 0.979544240515679
0.0615808079019189 0.31308649899438 0.0525779724121094 0.292548748198897 0.687594836112112
0.711347608361393 0.342603769619018 0.872135172598064 0.457253448199481 0.219275555573404
0.608876013662666 0.684353223070502 0.207962139509618 0.137875602580607 0.0804400523193181
0.202618215698749 0.0227403757162392 0.215963292866945 0.886409475002438 0.949082666542381
0.702476298902184 0.757926502265036 0.876101256813854 0.38694099476561 0.0921322703361511
0.667705636005849 0.704909202642739 0.745805406011641 0.418277136050165 0.446994541212916
0.867303741164505 0.381373282521963 0.356972258072346 0.55074189696461 0.633352544158697
0.94407161232084 0.679154289886355 0.957888488657773 0.248797172214836 0.0360299400053918
0.963951088488102 0.124611651524901 0.749413611367345 0.395172812044621 0.790645610541105
0.128352853469551 0.673198791686445 0.609949319157749 0.836152745876461 0.857514983508736
0.454193956684321 0.826142473611981 0.445241380017251 0.863812962546945 0.10176356928423
0.843590631149709 0.328916493337601 0.152793469373137 0.754594649188221 0.508008398115635
0.649853249080479 0.91185939963907 0.285824427381158 0.141809904482216 0.432872409932315
0.910883328411728 0.659293728414923 0.202862571459264 0.807356046978384 0.301473956089467
0.273272275459021 0.828416572883725 0.653602764941752 0.259907413739711 0.95707841264084
0.591135427355766 0.283442912623286 0.970004725269973 0.492740349378437 0.874253753107041
0.559219189919531 0.705551926512271 0.649141618050635 0.975023589096963 0.608467007055879
0.838818599935621 0.64804573263973 0.573337092529982 0.909908435773104 0.118026750627905
0.346399858128279 0.675730507355183 0.00540961232036352 0.374394815415144 0.477504429407418
0.729122742079198 0.168546757195145 0.999965807888657 0.166485307738185 0.680038744118065
0.744694314431399 0.287008058745414 0.602402931079268 0.873463379219174 0.397896238137037
0.0359098482877016 0.0451063979417086 0.531043019611388 0.364590808283538 0.342258178628981
0.00851170113310218 0.214127251412719 0.860775671899319 0.75885374378413 0.422797478269786
0.237775655463338 0.794091136660427 0.773421212099493 0.239163606893271 0.843019864056259
0.506094846408814 0.167067254893482 0.205388275440782 0.51416544103995 0.291928911115974
0.145045212004334 0.404075920581818 0.153109253849834 0.62748368177563 0.0611812244169414
0.544809279032052 0.600616638548672 0.0071217785589397 0.925578162074089 0.548602287657559
0.823254647199064 0.988255806267262 0.815963715780526 0.398409956134856 0.17230755276978
0.91782399918884 0.667707388754934 0.538485388271511 0.785627870354801 0.0251091788522899
0.253361674956977 0.811959765851498 0.902504730969667 0.325617259833962 0.475912725087255
0.709726769011468 0.853246909100562 0.648362881503999 0.968913005664945 0.618715253658593
0.411925733555108 0.546954797115177 0.234379705507308 0.125829757656902 0.877820504363626
0.0939688994549215 0.320980229414999 0.289041867479682 0.673369085416198 0.123501332011074
0.767436693888158 0.559754234272987 0.131768612191081 0.104671257082373 0.353932580444962
0.600229199044406 0.751657720655203 0.0953122130595148 0.606539563275874 0.522870007436723
0.0695862546563148 0.346103597432375 0.387554253917187 0.960461744107306 0.749828645028174
0.698300155345351 0.22067225817591 0.0511830486357212 0.431900589726865 0.121888308785856
0.266203136648983 0.300054680090398 0.0427399356849492 0.759733266662806 0.201239626854658
0.084613670129329 0.216779836453497 0.151663966011256 0.638944435864687 0.0392435542307794
0.3358402736485 0.645671720150858 0.211277056485415 0.824986287858337 0.748649467714131
0.508806254249066 0.606529377866536 0.810044954065233 0.277790774125606 0.284974745474756
0.87396903662011 0.98487814841792 0.121943544130772 0.541250201873481 0.060303364880383
0.687728022225201 0.967587001156062 0.888858546037227 0.650448052678257 0.186910640448332
0.919127204921097 0.263318967074156 0.22579803597182 0.235256242565811 0.261045769788325
0.946352028287947 0.632097376510501 0.819178971461952 0.375401785131544 0.620175393298268
0.239095715805888 0.269845165777951 0.59963415004313 0.790468051098287 0.927857098635286
0.572007144801319 0.00867991708219051 0.605867628008127 0.0433621755801141 0.456699342932552
0.229709718842059 0.709282245486975 0.16980306757614 0.457801462616771 0.483052998315543
0.346117176581174 0.89872750453651 0.0613896874710917 0.870417330414057 0.64866128237918
0.261702981311828 0.254205030854791 0.888898891862482 0.860730584710836 0.199345855042338
0.700525960419327 0.199303093831986 0.527796558570117 0.555498815141618 0.422258772421628
0.745987224392593 0.912568438332528 0.234064548742026 0.936712621245533 0.539728092029691
0.0833668643608689 0.979520138353109 0.52502892492339 0.359357823152095 0.751192271243781
0.44800914125517 0.0917008365504444 0.100819454528391 0.745617454405874 0.792824891395867
0.746725695673376 0.911834388971329 0.341319923754781 0.890744526404887 0.0730158728547394
0.311681733932346 0.209973346907645 0.969691820908338 0.14003507560119 0.00534509960561991
0.766185088548809 0.524890661705285 0.62817126326263 0.0289738168939948 0.344690960366279
0.459561340045184 0.718893633689731 0.875857240054756 0.219344673212618 0.800494271330535
0.209650876000524 0.570118320640177 0.855681056622416 0.731341493781656 0.962644859217107
0.474890431389213 0.620957240927964 0.193351051770151 0.296037404797971 0.378638189285994
0.154761612880975 0.357377667445689 0.973788485862315 0.898870205972344 0.449674305506051
0.596966609358788 0.524143740069121 0.141320698428899 0.0255830911919475 0.231531321071088
0.329984184354544 0.0884050214663148 0.960620282683522 0.901352570392191 0.0752373123541474
0.835739749483764 0.161054501775652 0.051630200818181 0.543569565750659 0.826129124034196
0.938939412124455 0.554554051719606 0.388018185272813 0.298235707916319 0.224037900567055
0.233613866847008 0.89959305152297 0.42155194748193 0.392328068148345 0.703152470756322
0.232986567541957 0.44855940900743 0.847111412789673 0.0848537338897586 0.0370287960395217
0.236946031916887 0.962789374869317 0.187276508659124 0.393648669589311 0.419537404086441
0.527436755597591 0.998312951996922 0.927268404047936 0.592428037896752 0.730257717426866
0.826018929015845 0.0793675645254552 0.195748029276729 0.68379262695089 0.862880377564579
0.413850275799632 0.297958568204194 0.659930180292577 0.765494433697313 0.946742368862033
0.0706332200206816 0.0566932666115463 0.417701593134552 0.279064761474729 0.912885033991188
0.968072909396142 0.265483397990465 0.560746000614017 0.458854694385082 0.84350569313392
0.247018479276448 0.273750377353281 0.178683543112129 0.656635162420571 0.425683035049587
0.695374389179051 0.159213763196021 0.044137277174741 0.910604004282504 0.726820700801909
0.0867067938670516 0.338022531941533 0.514215094037354 0.689567302819341 0.271086808759719
0.061888687312603 0.75729045830667 0.798581453505903 0.0613817218691111 0.1971678994596
0.251161762978882 0.261194058228284 0.921349402982742 0.325114955194294 0.561575832776725
0.906116271857172 0.314490511547774 0.614792975131422 0.674011892639101 0.322895300108939
0.793820546939969 0.314064125530422 0.553170656319708 0.634664386045188 0.278154116123915
0.120282762683928 0.109432439785451 0.9676160258241 0.785102202557027 0.533660402521491
0.313896205741912 0.430666690692306 0.251830818597227 0.0370551156811416 0.149967177305371
0.354315223637968 0.70854518096894 0.336850196123123 0.246434174478054 0.960742774419487
0.197292896453291 0.506421713158488 0.968266063835472 0.410992990247905 0.455834808759391
0.270637340843678 0.783132083714008 0.054981479421258 0.503755277488381 0.0676603522151709
0.0296381986699998 0.409842388704419 0.955749291460961 0.368294702842832 0.0532357399351895
0.600706237833947 0.842568658292294 0.413214480038732 0.539366942364722 0.71631592977792
0.046884729526937 0.0789331113919616 0.162068450357765 0.0512986946851015 0.301550112199038
0.465114037506282 0.509451562073082 0.64012214448303 0.0665019173175097 0.772225433494896
0.475718705914915 0.871358103584498 0.066808870062232 0.389487154781818 0.0481730001047254
0.172072931658477 0.362703350372612 0.283487935550511 0.995026024058461 0.231117963325232
