-3.24021583299873 -3.00478440560279 -2.54397563669632 -2.52605936786602 -2.44319627611302
-2.40192277418266 -2.4013391871909 -2.37055975852596 -2.35138876531035 -2.26573480229598
-2.25120830120063 -2.16927034799988 -2.15620611140518 -2.13109399999054 -2.12482559069195
-2.11209913588141 -2.07645806699763 -2.06273851658039 -2.02718270106059 -1.98663848051521
-1.93989638229218 -1.91218466067483 -1.88488138928797 -1.87151931251002 -1.85967802433898
-1.84447335026967 -1.80580605272706 -1.79702232236623 -1.75264633540653 -1.72825049703453
-1.71469724481831 -1.71370678429014 -1.69674018538628 -1.67188272604581 -1.60836081391562
-1.60805933179463 -1.5838861230446 -1.54218056190046 -1.53585351508723 -1.53551032162103
-1.52841473745739 -1.51832944667907 -1.49157892244474 -1.4824391624479 -1.48119260601813
-1.4758223738988 -1.4679243270077 -1.46701081055714 -1.461926591895 -1.45392007211132
-1.43243434073028 -1.41843391306189 -1.4177708396653 -1.39995970282759 -1.39856460234047
-1.39132260563548 -1.38365535957637 -1.38042617401237 -1.37047918670939 -1.36346539919153
-1.36257728933299 -1.35677788105043 -1.35497968462803 -1.35184189258433 -1.33266043341749
-1.32828635326658 -1.32303121425959 -1.32215135218793 -1.32010040283036 -1.31833279792172
-1.31203887178207 -1.30015650790465 -1.28908379486673 -1.28355965727238 -1.28246695989491
-1.27828761192773 -1.27513297382078 -1.26083917020392 -1.26066348715147 -1.253557413151
-1.25160112103145 -1.24883786441074 -1.24740142813158 -1.24319986237954 -1.22715373224706
-1.22656468353126 -1.21823047466436 -1.21306293160881 -1.20782387470581 -1.19942394054989
-1.1942490277991 -1.19133855859549 -1.17650090067158 -1.1708275912909 -1.16725956340314
-1.16626654393604 -1.16279340969866 -1.15864438435609 -1.14678384411996 -1.14560926421065
-1.14282798579603 -1.14188513612507 -1.13636137325606 -1.13084613860139 -1.11981538432055
-1.11672547603741 -1.11623744984005 -1.11463779253247 -1.10046562393754 -1.09616985655853
-1.08279641993065 -1.07647682851213 -1.07325890946795 -1.06836118307233 -1.06463026931624
-1.05553338344012 -1.05047052160627 -1.05016121562847 -1.04659712815783 -1.04504427997556
-1.03077158683008 -1.029196874254 -1.01731487681558 -1.01608141264675 -1.01534821873813
-1.01322907894466 -1.01051790136275 -1.00135372652112 -0.999473584594538 -0.997395369239358
-0.995378423380361 -0.992549267759618 -0.992132415908306 -0.987627201109873 -0.981049100874746
-0.978121240651333 -0.977859774609122 -0.977456056909221 -0.971654713850463 -0.966433547025397
-0.966366019762485 -0.962124958490828 -0.943892561535137 -0.940763214130645 -0.929339155453047
-0.91644278299776 -0.906993876800124 -0.892778344572369 -0.88575125041442 -0.885407158112972
-0.885106483807443 -0.871735668308809 -0.871332488327933 -0.866782556529906 -0.856431016170692
-0.855359846156014 -0.851153736029725 -0.846697974083058 -0.841116661622523 -0.839728566382415
-0.824334407569214 -0.823974026843671 -0.818396060384101 -0.814337675995111 -0.813382622420686
-0.811520279461285 -0.809886840565258 -0.804033748610589 -0.803888628836936 -0.799965038846082
-0.798692194227763 -0.793803524005411 -0.789206004321505 -0.785358231249341 -0.782214744018261
-0.7727396976648 -0.769764830536132 -0.766552261983435 -0.76583581983977 -0.7615246276068
-0.756086326847783 -0.733496559845496 -0.732961462359194 -0.732006327539967 -0.726517557827928
-0.725257025347033 -0.718210068891663 -0.717032517207269 -0.713738257590877 -0.705927049354378
-0.698048562805903 -0.695921833464052 -0.690107438293385 -0.683704020516996 -0.679787944466154
-0.676008846356445 -0.6750544611862 -0.673474076214562 -0.672093682185751 -0.671888085280059
-0.666190650020364 -0.658765905285116 -0.654643168425517 -0.649334633476505 -0.647445088975265
-0.646891110200324 -0.644304776791715 -0.642279947168013 -0.640783551287235 -0.63380450830848
-0.630250881556539 -0.62400583497294 -0.62283121997477 -0.620758525056657 -0.620296503754493
-0.619065292305064 -0.618351299017406 -0.611978008397694 -0.607234279740263 -0.60405985351887
-0.601484236297104 -0.600957900599906 -0.59349139605235 -0.587334061726127 -0.573418955120563
-0.56886526103978 -0.564421597703494 -0.564114771817672 -0.562159997564947 -0.55825510982495
-0.551912338774704 -0.549772031352383 -0.547714128954901 -0.54708770361329 -0.540807099650308
-0.534240450255086 -0.531229281909642 -0.522082765002274 -0.520062322319009 -0.515780277265514
-0.510102687420756 -0.510047051875085 -0.509629246527896 -0.50398449746708 -0.497848371193945
-0.494894277625246 -0.485033663809383 -0.483749090440918 -0.482067885302564 -0.481249984798607
-0.477040764721916 -0.476375196653913 -0.475201335463819 -0.473197747185548 -0.471713876068904
-0.465475453132657 -0.450919582976939 -0.450337866162813 -0.449325236871926 -0.443728045341433
-0.436011677786425 -0.431078822026886 -0.428273536276159 -0.425743794677884 -0.422929996230612
-0.419231546144764 -0.412722914223066 -0.412167755402433 -0.411689675606711 -0.411007998969486
-0.404988343747296 -0.395878160677359 -0.394099181043311 -0.387413120685122 -0.386758573993723
-0.384828263866969 -0.381729516424736 -0.372545652101833 -0.372209211497645 -0.371933947232682
-0.36972694713059 -0.363201665733759 -0.36120359020571 -0.361103890502562 -0.359571467010827
-0.353420354767773 -0.353223170295496 -0.351969475663387 -0.351762464012461 -0.350292205973699
-0.342126134244007 -0.340429218346953 -0.339750353516856 -0.337116882413334 -0.335724072650191
-0.323295024356283 -0.321436650221462 -0.31734845408007 -0.31733832476713 -0.313172591772509
-0.312178837537128 -0.310723639286487 -0.307086411718094 -0.306596913566783 -0.301643852315998
-0.299279859416686 -0.289639655075425 -0.287295234050131 -0.277422884294439 -0.275370202305328
-0.273805573411762 -0.272426012106639 -0.272270521261638 -0.270860077517499 -0.268361257680495
-0.264564487909079 -0.258711800799919 -0.257597308628604 -0.253104408513651 -0.248231038760722
-0.241053569948893 -0.234167809829926 -0.230807065954443 -0.229812357904496 -0.227220244231987
-0.219786613959672 -0.219141929868256 -0.217820458264332 -0.216804593970917 -0.209128131894778
-0.188744518197294 -0.175596932736598 -0.174055730732481 -0.169180971305489 -0.169087819265172
-0.163582131899768 -0.159124758716356 -0.158972624774148 -0.158560249082717 -0.15765684482068
-0.156117122712236 -0.152693396623489 -0.151152442146839 -0.149716464158692 -0.14785476230817
-0.147067631400882 -0.145419851145778 -0.144996359283501 -0.142781385019919 -0.140882954554936
-0.13960372656248 -0.139125786927392 -0.12858582562267 -0.120362870547048 -0.118091452010164
-0.116200204961323 -0.114483100158545 -0.113358133964817 -0.111108895154295 -0.102929382601354
-0.09394739014552 -0.0931347231498837 -0.090773677010329 -0.085852886856652 -0.0856746952930549
-0.0832175919270329 -0.0778818894326931 -0.0768878345357607 -0.075906871495205 -0.0717611683042933
-0.0705916086157189 -0.0628347133837998 -0.0565441688752392 -0.0561943791818393 -0.0543845403809275
-0.0533604455310946 -0.0514394885401229 -0.0460097485193445 -0.0369799675196893 -0.0338776560694581
-0.0337303511331503 -0.0323004570849411 -0.030671354350276 -0.028170624469077 -0.023449768247897
-0.0233702837238135 -0.0195289358068245 -0.0172304381515696 -0.0156883355555407 0.00326997270820088
0.00360533476339661 0.0135764927437711 0.0215177987577107 0.0219151606654541 0.0263816527158829
0.0310205724745399 0.0338058053848222 0.0339093674243435 0.038986205820621 0.0402282270554896
0.0464289153788246 0.0466342127755583 0.0467488657674481 0.0496881556850839 0.0554632853513666
0.0595680065453053 0.0596856983221371 0.0626175237432191 0.0637739006379396 0.0663417704914553
0.0705842789901242 0.0724896700404702 0.0725419699538864 0.0752306126374969 0.0775322807269773
0.0775930780665414 0.079164434489038 0.084477073608713 0.0845108457893221 0.0848038891870614
0.0851336533607184 0.0859031355636311 0.0861115864340008 0.0874734926115186 0.0892372413445549
0.102154484655347 0.103939992886514 0.105098194721151 0.108936369514212 0.109975210136116
0.112057878546466 0.114346000873197 0.115483467153253 0.118982027049629 0.123418406839074
0.125644145677591 0.12670276665068 0.131375674649717 0.142941618102359 0.143631810791436
0.146442879478768 0.148460194762173 0.150665404932427 0.150733862615635 0.152997055631659
0.153040845182762 0.156984716716346 0.159116099503344 0.161964404208503 0.175060461369182
0.177325801205562 0.177796565498222 0.178757987517015 0.182761030978848 0.1835542647383
0.184293123038664 0.184687040984718 0.187612918548605 0.191328569808976 0.198340384418883
0.199910059715883 0.200847180094382 0.207324242773263 0.211883054806138 0.220654659155473
0.22079329580486 0.229549066500521 0.23276700918768 0.239406333069834 0.242189015261829
0.244006910500606 0.249223171423142 0.250784673848875 0.273454423481224 0.273589957505465
0.283322991083689 0.288887623074772 0.289113425552441 0.289707244760736 0.291818447894019
0.29351077513323 0.296264167830892 0.301000230540015 0.301779387518764 0.3040214023229
0.305392765723758 0.305648627399349 0.309911078179272 0.312256730289215 0.312426773796924
0.315028787171721 0.316254504671625 0.317120291379455 0.317151613178637 0.3279904252071
0.328987260076015 0.331910426433224 0.331986361017289 0.332826868422229 0.335150242417829
0.335742127945977 0.337403090699334 0.34071197495139 0.343418992831133 0.35228516641373
0.355411348172947 0.367622775600999 0.373586211179853 0.376077228039887 0.379731766493605
0.38048118792243 0.381992352457047 0.387249866441362 0.388003543321987 0.389414515977235
0.392285385107519 0.394153089072277 0.395918578508604 0.396882953369526 0.404692421685459
0.409012044606194 0.410662033771786 0.416549997080314 0.417333868348805 0.426258461844639
0.435067316560808 0.435558995205448 0.435569859140763 0.437273733560395 0.440927030674079
0.443753257859498 0.44879088205424 0.450404851173183 0.451788285368267 0.453735590042889
0.454552476518153 0.459292764589346 0.462669878058196 0.462707219084815 0.46384413713137
0.465402760684394 0.474450521776099 0.475168326141957 0.478109300435476 0.486256026613405
0.489878919939164 0.491546221397456 0.491926495203992 0.492424388679941 0.493989509548227
0.494362256320578 0.496910362116135 0.497819316621652 0.499477078422144 0.502901285992257
0.506340381752006 0.508113554263581 0.511348026275963 0.514702040350023 0.51478625294755
0.522119367031728 0.526271485457586 0.534176719682008 0.536569490235708 0.550272990077956
0.552676543271458 0.55342752228599 0.553859780808391 0.554543027881398 0.558023176257467
0.562134159263223 0.565893137543636 0.567354283916091 0.571782352917955 0.576535292292221
0.579474158509141 0.583614295096409 0.583799589604176 0.585811981510079 0.589621094819833
0.598226991859224 0.60396554927407 0.60436147600213 0.614517843555932 0.623212803983905
0.626810541418694 0.627076856183087 0.629125780813221 0.635754356513484 0.638388704102761
0.642942513125258 0.646302093164397 0.647678851229557 0.657241075018351 0.663969545217635
0.665400477146721 0.666820910062305 0.669858477572361 0.669873570449488 0.674384294409274
0.680103277590966 0.683256760600762 0.683406345465335 0.687739304262414 0.690217529691474
0.695494675170762 0.703228588149511 0.706940166870134 0.718977177032837 0.721614027418313
0.722429348512342 0.722615957708548 0.728269592143665 0.73317329444194 0.733563858167503
0.735791471778918 0.739536701026105 0.741289411435904 0.744998391084038 0.745637629225031
0.747632877093914 0.75480639592559 0.759769685854346 0.760457572892565 0.774970330335968
0.778571434983689 0.781654799304001 0.781862561311167 0.789048449224741 0.789687655235608
0.799417553348589 0.805380205723981 0.818844195381501 0.81907584361808 0.819922607196721
0.821513471239771 0.823028512698452 0.837029272074547 0.840289032473933 0.841772655798703
0.850608630324565 0.85452126848235 0.855686881576188 0.856595321421413 0.864083845704755
0.86478842156022 0.866704644734552 0.868228928832465 0.869404352597615 0.876665065158287
0.879092048136646 0.883975747649275 0.890568015198676 0.931198509612841 0.946058486723927
0.950069071036805 0.956640973130993 0.968603521239063 0.971241042573038 0.973837486692961
0.97703971609951 0.977769465863988 0.98004412077778 0.980792960680833 1.00332518871862
1.00908477068709 1.0194717344559 1.02101158602237 1.02767371933075 1.02887158919832
1.03237494156812 1.03632275280097 1.03687977659405 1.04372350155587 1.04407355437141
1.04714778448982 1.06808580316708 1.07316525402587 1.07528890367736 1.07553435662177
1.09444293933135 1.09706558619432 1.09980185723548 1.10471824107294 1.10573604968374
1.10622834627945 1.11448862783058 1.12334508204868 1.12791728470736 1.15105037302979
1.1511264162769 1.15582851361333 1.15749411045311 1.16256950124569 1.17958256066851
1.18645871258779 1.1905868697353 1.19846829930433 1.20436505880207 1.20551577727601
1.20741307260064 1.21232658066707 1.21980752097443 1.2242491653838 1.23513564325119
1.23557360759466 1.24002864520066 1.24166088986366 1.25408040298372 1.25645564356927
1.26192227895805 1.28257827248102 1.28584345826405 1.2941985701188 1.30083523653189
1.30196827801879 1.33192776590349 1.35039728296785 1.35891599641649 1.36584525991274
1.41080222686004 1.41254800837487 1.41699279192835 1.42087727700104 1.42529298666268
1.42583100701237 1.43089400318162 1.43162030202833 1.43446992493541 1.45316328752826
1.46843726038442 1.47315062874766 1.49383173443886 1.49443741029851 1.49788996826689
1.50639415204047 1.50933178662159 1.53326399061628 1.54596735861579 1.5463430460897
1.55159438128735 1.58893617189468 1.60805435707181 1.62915689600556 1.65463647462512
1.67026904296755 1.701998300191 1.70882446468946 1.72466460876107 1.73365253831688
1.74112901877145 1.75417505206623 1.76373585373565 1.76610130968352 1.78930903433365
1.79837723019649 1.81694340434722 1.83055822737515 1.88395577810169 1.89139029643116
1.89624211059049 1.90042743735432 1.90045507860913 1.90822262553672 1.91180212086128
1.97431716369465 1.97514415160552 1.98921545374511 2.00279742321885 2.00424243993652
2.02968013059488 2.06116775557916 2.09306341429909 2.09559448865827 2.10619504720664
2.11511383764446 2.16315864739159 2.16694264162109 2.17002362784899 2.18036818420009
2.23879831125063 2.27919555252961 2.31605587061495 2.32215540949255 2.33737356769456
2.38622864099521 2.40756007832844 2.53236702410504 2.59719723835588 2.6398664794563
2.72135973908007 2.73644697619602 2.7873844653368 2.80618932829661 3.0854320919816
3.54290896793827 3.75941036269069 4.00325652211905 4.49460776522756 4.59840683732182
4.90341447293758 5.00269654439762 5.10258235037327 5.46148439403623 5.65754581941292
5.65906987991184 6.01376969832927 6.13842664752156 6.27764944452792 7
7 7 7 7 7
7 7 7 7 7
7 7 7 7 7
7 7 7 7 7
7 7 7 7 7
7 7 7 7 7
7 7 7 7 7
7 7 7 7 7
7 7 7 7 7
7 7 7 7 7
7 7 7 7 7
7 7 7 7 7
7 7 7 7 7
7 7 7 7 7
7 7 7 7 7
7 7 7 7 7
7 7 7 7 7
7 7 7 7 7
7 7 7 7 7
7 7 7 7 7
7 7 7 7 7
7 7 7 7 7
7 7 7 7 7
7 7 7 7 7
7 7 7 7 7
7 7 7 7 7
7 7 7 7 7
7 7 7 7 7
7 7 7 7 7
7 7 7 7 7.08972771652043
7.14370979228988 7.5265214801766 7.741865508724 7.7730802888982 7.92823272524402
7.97306965570897 8.29370729159564 9.22802420798689 9.59513738751411 9.86579153453931
9.88121083471924 9.88346249330789 9.98735069297254 10.4832099331543 11.0085889929906
11.4865002874285 11.8994612828828 11.9149305392057 11.9917277013883 12.0237057865597
12.035579464864 12.4227315816097 12.4589282996021 12.5962020666339 12.8701626928523
13.0744168628007 13.1922381394543 13.2833219552413 13.3416430838406 13.5147656849585
13.8172147865407 13.8683857605793 13.9402116579004 13.9539978420362 14.1060642502271
14.3650597636588 14.6954907593317 14.811199454125 14.844021666795 14.8854671535082
